#f	Re	Im
100000.	800.	5.499999999999999
100995.26893744632	800.	5.534314950392969
102000.44347747113	800.	5.5688439945714805
103015.6222074599	800.	5.603588468284192
104040.9046960078	800.	5.638549715613609
105076.39150268529	800.	5.673729089028077
106122.18418790105	800.	5.709127949434105
107178.38532286281	800.	5.7447476662290065
108245.09849963778	800.	5.780589617353875
109322.42834131287	800.	5.816655189346897
110410.48051225599	800.	5.85294577739698
111509.36172847968	800.	5.889462785397728
112619.17976810786	800.	5.926207626001758
113740.04348194678	800.	5.963181720675341
114872.06280416052	800.	6.000386499753385
116015.34876305408	800.	6.03782340249478
117170.01349196285	800.	6.0754938771380775
118336.17024025007	800.	6.113399380957495
119513.93338441488	800.	6.151541380319308
120703.41843931026	800.	6.189921350738574
121904.74206947256	800.	6.228540776936207
123118.0221005641	800.	6.267401152896418
124343.37753092936	800.	6.306503981924507
125580.92854326627	800.	6.345850776705016
126830.79651641399	800.	6.385443059360255
128093.10403725768	800.	6.425282361509182
129367.9749127514	800.	6.465370224326642
130655.53418206141	800.	6.505708198602998
131955.90812882973	800.	6.546297844804117
133269.2242935615	800.	6.587140733131775
134595.61148613095	800.	6.628238443584307
135935.19979841838	800.	6.66959256601783
137288.12061706756	800.	6.711204700207687
138654.50663637317	800.	6.753076455910362
140034.49187129448	800.	6.795209452925727
141428.2116706	800.	6.837605321159716
142835.80273014333	800.	6.880265700687409
144257.40310626884	800.	6.923192241816425
145693.15222935227	800.	6.966386605150776
147143.19091747736	800.	7.009850461655138
148607.66139024636	800.	7.053585492719472
150086.70728272895	800.	7.0975933902240635
151580.47365954996	800.	7.141875856604976
153089.10702911744	800.	7.186434604919912
154612.75535799193	800.	7.231271358914476
156151.56808539998	800.	7.276387853088889
157705.69613788958	800.	7.321785832765035
159275.29194413338	800.	7.367467054153993
160860.5094498801	800.	7.413433284424012
162461.5041330531	800.	7.459686301768862
164078.43301899722	800.	7.50622789547655
165711.45469588425	800.	7.5530598659986685
167360.7293302622	800.	7.600184025019901
169026.41868277054	800.	7.6476021955282825
170708.68612399808	800.	7.695316211885504
172407.69665051257	800.	7.743327919898051
174123.61690104174	800.	7.791639176888559
175856.6151728164	800.	7.840251851767639
177606.8614380759	800.	7.889167825106147
179374.52736074253	800.	7.938388989208029
181159.7863132549	800.	7.987917248183436
182962.81339357505	800.	8.037754518022453
184783.78544235913	800.	8.087902726669144
186622.8810603045	800.	8.138363814096206
188480.2806256649	800.	8.189139732379955
190356.16631194338	800.	8.240232445775893
192250.72210576056	800.	8.291643930794702
194164.13382489546	800.	8.343376176278593
196096.5891365157	800.	8.395431183478374
198048.2775755838	800.	8.447810966130874
200019.39056344103	800.	8.500700875651138
202010.1214265885	800.	8.572602369323189
204020.66541564462	800.	8.645112027529878
206051.21972449817	800.	8.718234994310436
208101.98350964542	800.	8.791976457213849
210173.15790972626	800.	8.866341647666998
212264.94606525134	800.	8.94133584134576
214377.55313852665	800.	9.016964358549306
216511.18633377203	800.	9.093232564577399
218666.0549174485	800.	9.170145870111199
220842.37023878118	800.	9.247709731597038
223040.34575048817	800.	9.32592965163351
225260.1970297157	800.	9.40481117936184
227502.14179918278	800.	9.484359910859565
229766.39994853418	800.	9.56458148953752
232053.19355591084	800.	9.645481606540303
234362.74690972592	800.	9.727066001149842
236695.28653066425	800.	9.809340461192603
239051.0411939032	800.	9.892310823450323
241430.24195154847	800.	9.975982974074006
243833.12215529385	800.	10.060362849001427
246259.91747931097	800.	10.145456434378358
248710.86594336253	800.	10.23126976698316
251186.20793615142	800.	10.317808934655222
253686.18623888964	800.	10.405080076726525
256211.0460491165	800.	10.493089384457436
258761.03500474966	800.	10.581843101475975
261336.40320836785	800.	10.671347524220586
263937.4032517402	800.	10.761609002386782
266564.2902406073	800.	10.852633939377863
269217.32181969564	800.	10.94442879275897
271896.75819799275	800.	11.037000074715374
274602.86217426084	800.	11.130354352514232
277335.89916281984	800.	11.224498248970729
280096.1372195734	800.	11.31943844291774
282883.84706830693	800.	11.415181669679882
285699.30212723225	800.	11.511734721551063
288542.7785358058	800.	11.609104448276401
291414.55518181494	800.	11.70729775753824
294314.9137287393	800.	11.806321615446501
297244.13864335296	800.	11.906183047032052
300202.5172236506	800.	12.006282906846037
303190.3396270075	800.	12.098867220471448
306207.8988986551	800.	12.19216548155233
309255.49100040004	800.	12.286183195567206
312333.41483967286	800.	12.380925910449374
315441.9722988365	800.	12.476399216914011
318581.4682647978	800.	12.57260874878818
321752.2106588973	800.	12.669560183342854
324954.5104671326	800.	12.767259241628643
328188.681770642	800.	12.865711688812807
331455.04177652026	800.	12.96492333451982
334753.9108489214	800.	13.064900033173894
338085.6125404877	800.	13.165647684344698
341450.47362407553	800.	13.26717223309524
344848.8241248215	800.	13.36947967033316
348280.9973524853	800.	13.472576033163485
351747.32993416325	800.	13.576467405245543
355248.16184729396	800.	13.681159917151643
358783.8364530102	800.	13.786659746729034
362354.7005298048	800.	13.892973119464148
365961.1043075551	800.	14.000106308850304
369603.4015018612	800.	14.10806563675758
373281.9493487568	800.	14.216857473806368
376997.1086397191	800.	14.32648823974251
380749.24375707813	800.	14.436964403816793
384538.72270975576	800.	14.548292485166701
388365.91716934	800.	14.660479053200525
392231.20250655536	800.	14.773530727985515
396134.957828075	800.	14.887454180638407
400077.5660137031	800.	15.001631459780839
404059.41375392955	800.	15.085196682018411
408080.8915878506	800.	15.169227396718338
412142.39394147816	800.	15.25372619686399
416244.3191664241	800.	15.338695689882723
420387.0695789705	800.	15.424138497726334
424571.0514995342	800.	15.51005725695209
428796.6752924984	800.	15.59645461880365
433064.35540648416	800.	15.683333249293382
437374.51041500043	800.	15.770695829284602
441727.5630574674	800.	15.858545054573725
446123.9402807185	800.	15.946883635974231
450564.0732808424	800.	16.035714299399665
455048.39754550066	800.	16.12503978594826
459577.3528966188	800.	16.214862851987114
464151.3835335331	800.	16.305186269237392
468770.93807657005	800.	16.39601282486014
473436.46961102483	800.	16.487345321541813
478148.4357316064	800.	16.57918657758093
482907.29858732806	800.	16.67153942697519
487713.5249268291	800.	16.76440671950884
492567.58614415117	800.	16.857791320840548
497469.9583249732	800.	16.951696112591847
502421.1222933087	800.	17.06190924562124
507421.56365865894	800.	17.189539826274963
512471.77286365884	800.	17.318125139771638
517572.24523215496	800.	17.44767232793252
522723.4810177938	800.	17.57818858600271
527925.9854531003	800.	17.70968116305115
533180.268799024	800.	17.842157362373058
538486.8463949739	800.	17.97562454189526
543846.238709377	800.	18.110090114585258
549258.9713907173	800.	18.245561548862703
554725.575319111	800.	18.382046369014713
560246.5866583332	800.	18.51955215561274
565822.5469084447	800.	18.65808654593459
571454.0029588921	800.	18.79765723438836
577141.5071421372	800.	18.938271972939564
582885.6172878334	800.	19.07993857154178
588686.8967775404	800.	19.222664898570503
594545.9145999834	800.	19.36645888126022
600463.245406854	799.9496195854972	19.524272272836058
606439.4695691714	799.3034173171764	19.838429645974614
612475.1732342066	798.6577370534437	20.157642001635235
618570.9483829757	798.012578372622	20.481990677550243
624727.3928882963	797.3679408533743	20.811558320225277
630945.1105734366	796.7238240747038	21.14642890599878
637224.7112713087	796.0802276159558	21.48668776243819
643566.81088432	795.4371510568133	21.832421590084202
649972.0314447694	794.7945939772985	22.183718484542077
656441.0011758301	794.1525559577749	22.540667958927674
662974.3545531929	793.5110365789441	22.903360966677525
669572.732367293	792.8700354218458	23.271889924724363
676236.7817861619	792.2295520678576	23.64634873704583
682967.1564188664	791.589586098698	24.026832818589956
689764.516379657	790.9501370964213	24.413439119589984
696629.5283527079	790.3112046434189	24.80626615026784
703562.8656574911	789.6174631597619	25.293981304148797
710565.2083147871	788.8717829834864	25.877435703220694
717637.2431134452	788.1268069949361	26.474348601834606
724779.6636776957	787.3825345291075	27.08503044620531
731993.1705352031	786.6389649216244	27.70979884358817
739278.471185769	785.8960975087373	28.348978727461926
746636.2801707088	785.1539316273248	29.002902526520817
754067.3191429527	784.4124666148916	29.671910337567844
761572.3169378197	783.671701809567	30.35635010239399
769152.0096444894	782.9316365501073	31.056577788736814
776807.1406782247	782.1922701758909	31.772957575416925
784538.4608532599	781.4536020269215	32.50586204173997
792346.7284564521	780.7156314438257	33.25567236127112
800232.7093216578	779.9499709500734	34.0323944798607
808197.1769048148	778.2483545195013	35.154066465962735
816240.9123598664	776.5504505045756	36.31270758290812
824364.7046153134	774.8562508059226	37.509536294428976
832569.3504516208	773.1657473418378	38.74581122354309
840855.6545793676	771.4789320482472	40.02283247616221
849224.429718153	769.7957968786736	41.34194300832142
857676.4966763442	768.1163338041898	42.704530038480165
866212.6844315415	766.4405348133891	44.11202650635877
874833.830211909	764.7683919123419	45.565912579867266
883540.7795782868	763.0998971245582	47.06771721169649
892334.3865070934	761.4350424909547	48.61901974720792
901215.5134741509	759.740414663726	50.168325907722476
910185.0315392064	757.8383478863371	51.420920951577685
919243.8204314007	755.9410430749515	52.704790595800596
928392.7686355565	754.0484883076299	54.02071569980367
937632.7734792779	752.1606716922875	55.36949661937237
946964.7412210336	750.2775813666035	56.75195369345841
956389.5871389738	748.3992054979609	58.16892774310617
965908.2356207414	746.5255322833639	59.6212805828526
975521.6202541193	744.6565499493669	61.10989554488696
985230.6839185724	742.7922467520053	62.635678016296474
995036.3788778029	740.9326109767067	64.19955598974185
1.004939666873065e6	738.8092925627752	65.44576835820388
1.0149415192175295e6	736.4219560209553	66.35095817718064
1.0250429168915526e6	734.0423337510326	67.26866780651282
1.0352448506388608e6	731.670400825654	68.19907040949347
1.045548321063784e6	729.3061323980057	69.14234154446557
1.0559543387293234e6	726.9495037015697	70.09865919794174
1.0664639242563127e6	724.6004900498539	71.06820381819283
1.0770781084235166e6	722.2590668361345	72.05115834929641
1.0877979322686798e6	719.9252095332089	73.04770826565208
1.098624447190734e6	717.5988936931168	74.05804160698823
1.1095587150528138e6	715.2800949469067	75.0823490138336
1.1206018082864617e6	712.9687890043684	76.12082376349484
1.131754809996805e6	710.6649516537798	77.17366180652532
1.1430188140687542e6	708.36855876166	78.24106180369628
1.1543949252743463e6	706.0795862725057	79.32322516348742
1.1658842593810598e6	703.798010208547	80.42035608008696
1.1774879432612571e6	701.5238066694944	81.53266157192192
1.189207115002721e6	699.2569518322867	82.66035152072189
1.2010429240202485e6	696.9974219508466	83.80363871111882
1.2129965311684147e6	694.7451933558259	84.96273887080048
1.22506910885544e6	692.5002424543567	86.13787071121713
1.2372618411581283e6	690.2625457298128	87.32925596884552
1.2495759239380471e6	688.0320797415554	88.53711944703286
1.2620125649588117e6	685.8088211246885	89.76168905841469
1.2745729840045206e6	683.5927465898184	91.0031958679176
1.2872584129994e6	681.3838329228071	92.26187413635995
1.3000700961286484e6	679.1820569845277	93.53796136465643
1.3130092899604407e6	676.987395710625	94.83169833862966
1.3260772635692062e6	674.7998261112691	96.14332917444783
1.3392752986600476e6	672.6193252709227	97.47310136468177
1.352604689694504e6	670.445870348092	98.82126582501007
1.366066744017471e6	668.2794385750946	100.18807694156027
1.3796627819854592e6	666.1200072578155	101.57379261891278
1.3933941370960732e6	663.967553775472	102.97867432876292
1.407262156118789e6	661.8220555803797	104.40298715925678
1.4212681992270718e6	659.6834901977109	105.84699986501396
1.4354136401317862e6	657.5518352252594	107.3109849178392
1.449699866215884e6	655.4270683332128	108.79521855813093
1.4641282786705333e6	653.3091672639096	110.29998084701063
1.4787002926325067e6	651.1981098316124	111.82555571916375
1.4934173373230079e6	649.0938739222718	113.37223103641868
1.5082808561878218e6	646.9964374932972	114.94029864206063
1.523292307038906e6	644.905778573325	116.53005441590172
1.5384531621973708e6	642.8218752619874	118.14179833011062
1.5537649086378876e6	640.7447057296832	119.77583450581477
1.5692290481345013e6	638.674248217353	121.43247127048211
1.5848470974079687e6	636.6104810362451	123.11202121610437
1.6006205882744887e6	634.5533825676927	124.814801258177
1.616551067795957e6	632.5029312628849	126.54113269549988
1.632640098431689e6	630.4591056426435	128.29134127080204
1.6488892581916724e6	628.4218842971962	130.06575723220686
1.6653001407913358e6	626.3912458859531	131.8647153955467
1.681874355807883e6	624.3671691372805	133.68855520754215
1.6986135288381213e6	622.349632848282	135.53762080984797
1.7155193016579072e6	620.3386158845768	137.41226110399037
1.7325933323832015e6	618.3340971800735	139.31282981720483
1.749837295632681e6	616.3360557367521	141.2396855691794
1.7672528826919626e6	614.3444706244461	143.19319193972018
1.7848418016795223e6	612.3593209806194	145.17371753736003
1.802605777714188e6	610.3805860101519	147.18163606890698
1.8205465530843984e6	608.408244985115	149.21732640996592
1.8386658874189977e6	606.4422772445643	151.28117267641903
1.8569655578598932e6	604.4826621943153	153.3735642969131
1.8754473592363533e6	602.5293793067281	155.49489608634065
1.894113104240998e6	600.5824081204969	157.64556832033264
1.9129646236076087e6	598.6417282404338	159.82598681078923
1.9320037662907129e6	596.7073193372524	162.03656298245562
1.9512323996468894e6	594.7791611473586	164.27771395054958
1.9706524096179719e6	592.8572334726333	166.54986259947344
1.9902657009159361e6	590.9415161802292	168.8534376625984
2.0100741972098022e6	588.7911342872743	170.4457294156479
2.0300798413142436e6	586.4156385458618	171.32771241143297
2.0502845953802022e6	584.049726814276	172.21425928809438
2.0706904410872797e6	581.6933604255371	173.1053936617436
2.0912993798380934e6	579.3465008686718	174.00113927069415
2.1121134329546136e6	577.0091097880786	174.90151997609578
2.133134641876459e6	574.6811489828962	175.80655976257185
2.154365068360955e6	572.3625804063981	176.71628273885116
2.175806794685553e6	570.0533661653476	177.63071313841886
2.197461923851892e6	567.7534685193975	178.5498753201548
2.2193325797922146e6	565.4628498804566	179.473793768989
2.241420907577514e6	563.1814728120928	180.4024930965467
2.263729073628042e6	560.9093000289097	181.335998041809
2.286259265925805e6	558.6462943959341	182.27433347177262
2.3090136942290743e6	556.3924189280201	183.21752438210854
2.3319945902891145e6	554.1476367892433	184.16559589782756
2.355204208069194e6	551.9119112922874	185.11857327395487
2.378644823965521e6	549.6852058978583	186.0764818961971
2.4023187370306393e6	547.4674842140731	187.03934728162392
2.426228269198755e6	545.2587099958827	188.00719507934096
2.4503757655136352e6	543.0588471444624	188.98005107117976
2.4747635943584824e6	540.867859706635	189.95794117237946
2.499394147688369e6	538.6857118742695	190.94089143228277
2.5242698412646763e6	536.5123679837106	191.92892803502357
2.5493931148921126e6	534.347792515189	192.92207730022733
2.5747664326580125e6	532.1919500922397	193.92036568371267
2.60039228317406e6	530.0448054811214	194.92381977819764
2.6262731798202405e6	527.9063235902504	195.93246631400314
2.652411660991479e6	525.7764694696168	196.94633215976978
2.678810290346514e6	523.6552083102216	197.9654443231702
2.705471657059466e6	521.5425054434968	198.98982995163325
2.732398376073594e6	519.4383263407543	200.01951633305987
2.7595930883579236e6	517.3426366126092	201.05453089655586
2.7870584611662757e6	515.2554020084178	202.09490121316293
2.814797188298742e6	513.1765884157278	203.14065499658787
2.842811990365995e6	511.10616185971213	204.191820103945
2.871105615056103e6	509.04408850261655	205.24842453649717
2.8996808374040276e6	506.9903346432053	206.31049644040206
2.9285404600638e6	504.9448667162111	207.3780641074618
2.9576873135833675e6	502.9076512917885	208.45115597587537
2.987124256682248e6	500.8786550749655	209.52980063099724
3.0168541765319244e6	498.9751535260342	210.28233952905904
3.0468799890389876e6	497.16862508193367	210.78237202376195
3.0772046391311768e6	495.3686371338788	211.2835935507745
3.1078311010461063e6	493.5751660021519	211.78600693750795
3.138762378623092e6	491.7881880927644	212.28961501809746
3.1700015055978033e6	490.00767989714564	212.7944206334186
3.201551545899593e6	488.2336179918451	213.30042663110015
3.2334155939522716e6	486.4659790382095	213.80763586554403
3.2655967749774116e6	484.70473978208713	214.31605119793863
3.2980982453010203e6	482.9498770535133	214.82567549627703
3.3309231926629646e6	481.20136776641345	215.3365116353711
3.364074836529718e6	479.45918891829444	215.84856249686896
3.397556428410139e6	477.72331758994136	216.36183096927175
3.4313712521743407e6	475.99373094511816	216.87631994794899
3.465522624375695e6	474.2704062302707	217.3920323351541
3.5000138945762813e6	472.5533207742196	217.90897104004281
3.534848445675304e6	470.8424519878672	218.42713897868836
3.5700296942409156e6	469.13777736389903	218.9465390740981
3.605561090845304e6	467.4392744764881	219.46717425622995
3.641446120403138e6	465.7469209809995	219.98904746200915
3.677688302513323e6	464.06069461369776	220.51216163534417
3.7142911918043536e6	462.3805731914481	221.03651972714533
3.7512583782827016e6	460.70653461143513	221.56212469533824
3.7885934876851025e6	459.0385568508642	222.08897950488264
3.8263001818341315e6	457.3766179666736	222.61708712778884
3.8643821589973904e6	455.7206960952437	223.14645054313496
3.9028431542501166e6	454.0707694521151	223.67707273708209
3.9416869398416094e6	452.42681633169747	224.2089567028924
3.9809173255652003e6	450.78881510698506	224.7421054409458
4.0205381591320005e6	448.7851770329135	225.1135279396144
4.060553326548026e6	446.4453139588044	225.33322453937888
4.100966752495598e6	444.1176503945857	225.55313554916287
4.1417824007181735e6	441.8021227348083	225.77326117821715
4.1830042744091554e6	439.49866770564506	225.9936016359967
4.224636416604421e6	437.2072223631679	226.21415713216078
4.266682910578929e6	434.92772409162376	226.43492787657306
4.309147880247234e6	432.6601106017222	226.6559140793023
4.35203549056798e6	430.40431992893235	226.8771159506225
4.3953499479522435e6	428.16029043179793	227.0985337010123
4.439095500676273e6	425.9279607902432	227.3201675411562
4.4832764392980635e6	423.7072700039029	227.54201768194397
4.527897097078227e6	421.4981573904523	227.76408433447162
4.572961850405021e6	419.300562583948	227.9863677100411
4.618475119223372e6	417.11442553318886	228.20886802016005
4.664441367468647e6	414.93968650006195	228.4315854765428
4.710865103504501e6	412.77628605790926	228.6545202911111
4.757750880564675e6	410.62416508992175	228.87767267599216
4.8051032972000195e6	408.48326478750323	229.1010428435211
4.85292699772924e6	406.3535266486763	229.32463100623997
4.901226672694635e6	404.2348924764734	229.54843737689868
4.9500070593218e6	402.1273043773624	229.7724621684539
4.999272941984558e6	400.0307047596503	229.9967055940706
5.049029152674292e6	397.61801524038935	229.89507056142943
5.099280571473542e6	395.2150351757849	229.78862632955102
5.150032127034653e6	392.8265773736811	229.68223138265515
5.201288797063535e6	390.4525540696724	229.5758856979221
5.253055608807535e6	388.09287802975797	229.46958925254296
5.305337639548767e6	385.74746254712414	229.36334202371918
5.358140017101846e6	383.4162214389697	229.2571439886629
5.411467920316938e6	381.0990690433335	229.1509951245969
5.465326579587729e6	378.79592021594567	229.04489540875431
5.519721277364359e6	376.506690327102	228.938844818379
5.574657348671588e6	374.231295258551	228.83284333072518
5.63014018163198e6	371.9696514004066	228.72689092305777
5.686175217994451e6	369.721675648072	228.62098757265207
5.742767953667915e6	367.4872853991896	228.51513325679403
5.79992393926042e6	365.2663985506017	228.40932795277996
5.857648780623375e6	363.0589334953407	228.30357163791695
5.915948139401621e6	360.86480911962013	228.19786428952224
5.974827733588524e6	358.6839447998627	228.09220588492386
6.034293338086859e6	356.5162603997346	227.98659640146016
6.0943507852752255e6	354.36167626720066	227.88103581648014
6.155005965580088e6	352.22011323159757	227.77552410734313
6.216264828053473e6	350.0914926007258	227.67006125141907
6.278133380956494e6	347.9757361579565	227.56464722608828
6.340617692348603e6	345.872766159359	227.45928200874167
6.403723890682795e6	343.7825053308422	227.3539655767804
6.46745816540657e6	341.7048768653189	227.24869790761645
6.531826767569199e6	339.6398044198768	227.14347897867188
6.596836010434621e6	337.58721211298007	227.03830876737942
6.662492270100746e6	335.5470245216779	226.9331872511822
6.728801986124834e6	333.51916667883233	226.8281144075338
6.795771662155007e6	331.5035640703664	226.72309021389827
6.863407866568206e6	329.5001426325235	226.61811464775002
6.931717233114404e6	327.5088287491463	226.5131876865739
7.00070646156721e6	325.52954924897256	226.40830930786527
7.070382318381009e6	323.56223140294605	226.30347948912976
7.140751637354531e6	321.606802921546	226.19869820788367
7.21182132030131e6	319.66319195212526	226.0939654416534
7.2835983377263965e6	317.7313270762764	225.989281167976
7.356089729510155e6	315.81113730720364	225.8846453643987
7.429302605598636e6	313.9025520871169	225.78005800847941
7.503244146701048e6	312.0055012846359	225.6755190777862
7.577921604993917e6	310.11991519221635	225.57102854989753
7.653342304832475e6	308.24572452358603	225.46658640240236
7.7295136434688885e6	306.3828604112027	225.36219261290006
7.806443091778055e6	304.5312544037162	225.2578471590001
7.884138194989903e6	302.69083846346456	225.15355001832276
7.962606573429977e6	300.8615449639603	225.0493011684982
8.041855923266383e6	298.997727249661	224.76091477333955
8.1218940172648225e6	297.10479305668446	224.30787257291897
8.202728705551009e6	295.22384290081584	223.8557435527793
8.284367916380332e6	293.3548009119373	223.40452587225772
8.366819656915835e6	291.49759170025493	222.9542176944005
8.450092014013262e6	289.65214035326505	222.50481718595714
8.534193155014392e6	287.8183724327283	222.05632251737205
8.619131328547949e6	285.99621397167033	221.60873186277766
8.704914865338663e6	284.1855914713973	221.16204339998708
8.791552179024499e6	282.38643189852786	220.7162553104855
8.879051766981745e6	280.5986626820504	220.2713657794238
8.967422211158294e6	278.82221171039816	219.82737299561165
9.056672178915618e6	277.05700732853546	219.3842751515089
9.14681042387868e6	275.3029783350709	218.94207044321902
9.237845786794674e6	273.56005397938225	218.50075707048111
9.329787196399832e6	271.8281639587675	218.06033323666364
9.42264367029545e6	270.1072384156041	217.62079714875603
9.516424315832196e6	268.39720793453364	217.18214701736176
9.611138331003219e6	266.69800353966417	216.7443810566919
9.706795005346686e6	265.00955669178114	216.30749748455588
9.803403720856503e6	263.3317992855894	215.87149452235613
9.900973952902611e6	261.6646636469648	215.43637039508025
9.999515271160536e6	260.0080825302203	215.00212333129298
1.0099037340549579e7	257.9746163149052	214.45754564980166
1.0199549922181182e7	255.95516434094355	213.91380186283857
1.0301062874315942e7	253.95152084586877	213.37143670447546
1.0403586153330863e7	251.96356207927101	212.83044667928453
1.0507129814695502e7	249.99116525947466	212.2908283007012
1.0611704013958253e7	248.0342085659542	211.75257809100162
1.071731900774291e7	246.09257113180058	211.21569258127755
1.082398515475402e7	244.16613303626792	210.6801683114171
1.0931712916793078e7	242.25477529736273	210.14600183008136
1.1040512859784788e7	240.3583798644921	209.6131896946815
1.1150395654812891e7	238.4768296111812	209.08172847135853
1.1261372079167644e7	236.61000832782412	208.5516147349574
1.1373453017401855e7	234.7578007145238	208.02284506900955
1.1486649462399106e7	232.9200923739594	207.49541606570767
1.1600972516451811e7	231.09676980432278	206.9693243258844
1.171643339234964e7	229.28772039231634	206.4445664589926
1.1833043414480293e7	227.49283240618126	205.92113908307894
1.195081401993915e7	225.71199498881322	205.3990388247667
1.2069756759651534e7	223.94509815090746	204.8782623192318
1.2189883299505766e7	222.1920327641635	204.35880621018043
1.2311205421496669e7	220.45269055455537	203.84066714983052
1.2433735024882026e7	218.72696409563096	203.3238417988862
1.2557484127349041e7	217.01474680188653	202.80832682651908
1.2682464866193322e7	215.31593292217931	202.2941189103454
1.2808689499509191e7	213.63041753319763	201.78121473640522
1.293617040739164e7	211.95809653298483	201.2696109991423
1.3064920093151482e7	210.29886663449744	200.75930440137904
1.319495118454085e7	208.65262535923708	200.25029165429874
1.3326276434991805e7	207.01927103091953	199.74256947742379
1.345890872486752e7	205.39870276919106	199.23613459859354
1.359286106272534e7	203.7908204834009	198.73098375394392
1.3728146586592928e7	202.19552486641578	198.2271136878855
1.3864778565256415e7	200.61271738849194	197.72452115308408
1.4002770399562113e7	199.04230029118577	197.2232029104386
1.4142135623730952e7	197.48417658131496	196.72315572906004
1.428288790668556e7	195.93825002497223	196.2243763862517
1.4425041053391077e7	194.40442514157954	195.72686166748795
1.4568609006209364e7	192.88260719798848	195.23060836639283
1.4713605846266095e7	191.3727022026337	194.73561328472044
1.4860045794832237e7	189.87461689972304	194.24187323233318
1.5007943214718604e7	188.3882587634809	193.74938502718192
1.5157312611684296e7	186.91353599243615	193.2581454952865
1.530816863585991e7	185.4503575037471	192.76815147071358
1.5460526083184646e7	183.99863292757425	192.27939979555546
1.5614399896856282e7	182.55827260151017	191.7918873199139
1.5769805168798435e7	181.12918756502614	191.30561090187416
1.592675714113919e7	179.7112895539927	190.8205674074902
1.6085271207707573e7	178.30449099521428	190.33675371075933
1.6245362915541857e7	176.90870500103378	189.8541666936071
1.6407047966415549e7	175.52384536395635	189.37280324586354
1.6570342218377208e7	174.14982655132678	188.89266026524368
1.6735261687305426e7	172.78656370005012	188.41373465732892
1.690182254847951e7	171.43397261135127	187.9360233355473
1.707004113816685e7	170.09196974556735	187.4595232211511
1.7239933955224216e7	168.7604722169959	186.98423124319976
1.741151766271694e7	167.43939778876802	186.51014433853734
1.758480908955192e7	166.1286648677792	186.03725945177635
1.775982523212949e7	164.8281924996399	185.56557353527458
1.793658325600946e7	163.53790036368312	185.09508354911804
1.8115100497595765e7	162.25770876799564	184.62578646109856
1.829539446583562e7	160.98753864450487	184.15767924669737
1.847748284393739e7	159.727311544091	183.6907588890642
1.866138349110494e7	158.4769496317418	183.22502237899764
1.884711444428971e7	157.23637568174252	182.76046671492477
1.903469391995865e7	156.00551307291363	182.29708890288472
1.9224140315882016e7	154.78428578387113	181.83488595650638
1.941547221293698e7	153.57261838833665	181.37385489699133
1.9608708376930993e7	152.37043605047282	180.91399275309232
1.980386776044102e7	151.17766452026967	180.45529656109724
2.0000969504673496e7	149.990839765962	179.99746540783175
2.0200032941341702e7	148.13104264168967	179.48038360398905
2.040107759456087e7	146.29430589463013	178.96478722990653
2.0604123182763867e7	144.4803435898341	178.4506720183647
2.080918962063507e7	142.68887333777477	177.93803371440262
2.1016297021063488e7	140.91961625038772	177.42686807528244
2.122546569711567e7	139.17229689765279	176.91717087045427
2.1436716164027408e7	137.44664326472144	176.40893788152223
2.1650069141216498e7	135.7423867095654	175.90216490220814
2.1865545554314606e7	134.05926192115803	175.3968477383174
2.208316653721979e7	132.39700687817088	174.89298220770402
2.2302953434169438e7	130.75536280818253	174.3905641402356
2.252492780183283e7	129.13407414740047	173.88958937776087
2.2749111411426514e7	127.53288850086786	173.39005377407284
2.297552625084968e7	125.9515566031717	172.89195319487428
2.3204194526839133e7	124.38983227964945	172.39528351774703
2.343513866714947e7	122.84747240805078	171.9000406321133
2.366838132275099e7	121.32423688070169	171.40622043920547
2.3903945370052755e7	119.81988856711585	170.913818852029
2.4141853913145028e7	118.33419327708765	170.4228317953314
2.438213028606608e7	116.8669197242294	169.9332552055669
2.462479805509096e7	115.41783948996499	169.44508503086237
2.4869881021042343e7	113.98672698797378	168.95831723098505
2.5117403221624643e7	112.57335942907383	168.47294777730946
2.536738893378261e7	111.17751678653337	167.98897265278214
2.5619862676081702e7	109.79898176182223	167.50638785188997
2.5874849211113196e7	108.43753975078172	167.02518938062613
2.6132373547922492e7	107.09297881021843	166.545373256458
2.6392460944462396e7	105.76508962490756	166.06693550829334
2.665513691007011e7	104.45366547500929	165.58987217644807
2.692042720796986e7	103.15850220388427	165.11417931261212
2.7188357857798845e7	101.87939818631587	164.63985297981873
2.745895513815926e7	100.61615429712187	164.16688925241135
2.7732245589196574e7	99.3685738801513	163.69528421600998
2.8008256015202258e7	98.13646271767172	163.22503396747916
2.828701348724196e7	96.91962900013756	162.7561346148971
2.8568545345811788e7	95.71788329632516	162.28858227752144
2.885287920351869e7	94.53103852384776	161.82237308575924
2.914004294779046e7	93.35890992002417	161.35750318113173
2.9430064743608374e7	92.20131501312628	160.89396871624697
2.97229730362717e7	91.05807359396398	160.43176585476428
3.001879655418727e7	89.93625527123783	159.9459461539813
3.0317564311686426e7	88.93434866245897	159.09370830488453
3.061930561187097e7	87.94360347962251	158.24601142333924
3.0924050049487665e7	86.96389538236755	157.40283131376847
3.1231827513830453e7	85.99510141550842	156.56414390951664
3.1542668191672564e7	85.03709999360171	155.729925272161
3.1856602570226047e7	84.08977088569085	154.9001515908316
3.2173661440133218e7	83.1529952002129	154.07479918152836
3.2493875898485884e7	82.2266553700796	153.25384448644672
3.281727735187576e7	81.31063513792134	152.4372640733045
3.314389751947485e7	80.40481954149664	151.62503463467266
3.3473768436145224e7	79.50909489926742	150.81713298731347
3.380692245558259e7	78.62334879612749	150.0135360715145
3.414339225348985e7	77.74747006929339	149.21422095043
3.448321083077925e7	76.88134879436043	148.41916480943246
3.4826411516812176e7	76.02487627149883	147.62834495545422
3.517302797266611e7	75.17794501181683	146.84173881634436
3.552309419443766e7	74.34044872386683	146.0593239402208
3.5876644516574755e7	73.51228230031072	145.28107799483448
3.623371361524577e7	72.69334180472482	144.50697876692806
3.65943365117415e7	71.88352445855361	143.73700416160003
3.695854857590797e7	71.08272862821568	142.97113220167867
3.7326385529614985e7	70.2908538123494	142.2093410270956
3.76978834502627e7	69.50780062919341	141.45160889425566
3.807307877431757e7	68.73347080411943	140.69791417542163
3.8452008300887704e7	67.96776715729516	139.94823535809326
3.883470919533073e7	67.21059359149083	139.2025510443964
3.922121899289947e7	66.4618550800179	138.4608399504709
3.9611575602423586e7	65.72145765480244	137.723080905863
4.0005817310027674e7	64.98442491176434	136.98591130479065
4.040398278288583e7	63.93247049925185	136.02984941588645
4.080611107301506e7	62.89754490691424	135.08046014263067
4.12122416211046e7	61.87937247573741	134.1376969150263
4.162241426038479e7	60.87768200901782	133.20151348810055
4.20366692205338e7	59.892206700127865	132.27186393963666
4.245504713162266e7	58.92268406145189	131.34870266792305
4.287758902810185e7	57.968855854467066	130.43198438951254
4.330433635282448e7	57.03046802096352	129.52166413700468
4.373533096111142e7	56.10727061537326	128.61769725683882
4.4170615124856815e7	55.19901773819477	127.72003940710317
4.4610231536673345e7	54.305467470497774	126.82864655536113
4.505422331408076e7	53.42638180948402	125.94347497648891
4.550263400373351e7	52.561526605096425	125.06448125053342
4.595550758569256e7	51.71067149765014	124.19162226058084
4.641288847773895e7	50.87358985647488	123.32485519064166
4.687482153972926e7	50.050058719552176	122.46413752355231
4.734135207799761e7	49.239858734124226	121.60942703888566
4.781252584979699e7	48.44277409827201	120.76068181088422
4.8288389067788534e7	47.658592503432516	119.91786020640097
4.876898840457369e7	46.88710507784976	119.08092088285794
4.9254370997271046e7	46.12810633094165	118.24982278621944
4.9744584452141434e7	45.381394098563305	117.42452514897516
5.0239676849255465e7	44.673539283618766	116.47183079566423
5.073969674720964e7	44.00496514117405	115.38558514869656
5.124469318788908e7	43.346396728992055	114.30947010238594
5.1754715701277815e7	42.69768430356364	113.24339117619728
5.226981431031619e7	42.05868036240768	112.18725477074527
5.2790039535807684e7	41.42923961053156	111.14096815957531
5.331544240137322e7	40.80921892739534	110.10443948102399
5.384607443845604e7	40.19847733436886	109.07757773015271
5.438198769137626e7	39.59687596267589	108.06029275075709
5.4923234722434506e7	39.00427802181963	107.05249522745308
5.546986861706764e7	38.42054876847905	106.05409667783441
5.60219429890556e7	37.84555547587119	105.06500944470365
5.6579511985779636e7	37.279167403572195	104.08514668837644
5.714263029353274e7	36.72125576779039	103.11442237905783
5.771135314288407e7	36.17169371208283	102.1527512892875
5.828573631409515e7	35.63035627851193	101.20004898645854
5.88658361425911e7	35.0971203792325	100.25623182540383
5.945170952448634e7	34.571864768504064	99.32121694105163
6.004341392216453e7	34.05447001512276	98.39492224115097
6.064100736991415e7	33.54481847526562	97.4772663990645
6.1244548479621395e7	33.0427942657403	96.56816884662696
6.185409644651848e7	32.54828323763612	95.66754976707185
6.2469711054988705e7	32.06117295036989	94.77533008802499
6.3091452684431545e7	31.581352646118276	93.8914314745599
6.371938231518312e7	31.108713224635217	93.01577632232251
6.4353561534499e7	30.64314721844356	92.14828775071496
6.499405254259231e7	30.184548768401196	91.28888959614893
6.564091815873599e7	29.732813599629804	90.43750640535639
6.629422182742457e7	29.287838997804844	89.59406342876431
6.6954027624594845e7	28.849523785802013	88.75848661393448
6.762040026391168e7	28.41776830069096	87.93070259906011
6.829340510311526e7	27.992474371074117	87.11063870652474
6.8973108150431e7	27.573545294765044	86.29822293652171
6.965957607104355e7	27.16088581680054	85.49338396073294
7.035287619363539e7	26.754402107781782	84.69605111606617
7.105307651699077e7	26.354001742539456	83.90615439845068
7.17602457166641e7	25.959593679118885	83.12362445669196
7.247445315171711e7	25.571088238078364	82.34839258638137
7.319576887152049e7	25.188397082098653	81.58039072386508
7.392426362262368e7	24.811433195897433	80.81955144026905
7.46600088556954e7	24.440110866443092	80.06580793557697
7.540307673253106e7	24.07434566346579	79.31909403276592
7.615354013312891e7	23.71405442026065	78.57934417199773
7.69114726628395e7	23.35915521477684	77.84649340486146
7.767694865958516e7	23.00956735099025	77.12047738867084
7.845004320115027e7	22.665211340555413	76.40123238081591
7.923083211254457e7	22.32600888473178	75.68869523316683
8.001939197344093e7	21.99239167660897	74.9818244306511
8.08158001256858e7	21.68374814213446	74.2429078307549
8.162013468088563e7	21.37943614343698	73.51127296540865
8.243247452806647e7	21.07939489128869	72.78684807596223
8.325289934141254e7	20.78356444958408	72.06956211091878
8.408148958808129e7	20.491885723366945	71.3593447189655
8.491832653609346e7	20.204300447026352	70.6561262420754
8.576349226230657e7	19.9207511726566	69.959837708673
8.661706966046235e7	19.64118125858236	69.2704108268718
8.747914244931892e7	19.36553485804327	68.58777797777456
8.834979518086149e7	19.09375690803817	67.91187220884166
8.922911324859437e7	18.82579311832604	67.24262722732503
9.011718289591616e7	18.561589960581	66.57997739376628
9.101409122458099e7	18.301094657698794	65.92385771555698
9.191992620323823e7	18.04425517325502	65.27420384056649
9.283477667606309e7	17.791020201109585	64.63095205082844
9.375873237146716e7	17.541339155158727	63.99403925629366
9.469188391090333e7	17.295162159228752	63.363402988639116
9.563432281775174e7	17.05244003711342	62.73898139514274
9.658614152629398e7	16.81312430275113	62.12071323261836
9.754743339078312e7	16.5771671505383	61.508537861406374
9.851829269459751e7	16.34452144578037	60.902395239427705
9.949881465948978e7	16.115140715275768	60.30222591629382
1.0048909545492297e8	15.888979138033205	59.70797102747788
1.0148923220750666e8	15.665991536117597	59.1195722885389
1.0249932301052079e8	15.446133365625874	58.53697198940665
1.0351946693353721e8	15.229360707788803	57.96011298872116
1.0454976403213675e8	15.015630260197698	57.38893870822804
1.0559031535772204e8	14.804899328154491	56.82339312722971
1.0664122296742854e8	14.597125816143068	56.263420777090886
1.0770258993413642e8	14.392268219419863	55.708966735797084
1.087745203565764e8	14.190285615723603	55.15997662256983
1.0985711936954167e8	13.991137657100289	54.61639659253184
1.1095049315419923e8	13.794784561843365	54.07817333142618
1.1205474894850737e8	13.601187106546373	53.545254050385545
1.1316999505772558e8	13.410306618269122	53.017586480758695
1.142963408650444e8	13.222104966811091	52.495118868980335
1.1543389684231126e8	13.036544557095006	51.97779997149636
1.1658277456086741e8	12.853588321656567	51.46557904973709
1.1774308670248462e8	12.673199713240853	50.95840586514357
1.1891494707042463e8	12.495342697500439	50.456230674236764
1.2009847060059671e8	12.319981745797866	49.95900422374062
1.2129377337283374e8	12.147081828107988	49.46667774575001
1.2250097262226987e8	11.976608406021468	48.979202952950594
1.2372018675084919e8	11.808527425843906	48.4965320338786
1.249515353389311e8	11.642805311794373	48.018617648234546
1.2619513915702155e8	11.47940895929792	47.54541292223898
1.2745112017761835e8	11.318305728372618	47.07687144403505
1.2871960158717376e8	11.159463437109457	46.61294725913655
1.3000070779817422e8	11.002850355244004	46.1535948659217
1.3129456446135108e8	10.848435197816958	45.69876921116721
1.3260129847799012e8	10.696187118926408	45.248425685634686
1.3392103801239224e8	10.546075705564359	44.8025201196902
1.3525391250443438e8	10.398070971542554	44.36100877897552
1.3660005268227226e8	10.252143351501624	43.92384836011612
1.379595905751553e8	10.108263695005892	43.49099598647636
1.3933265952637684e8	9.966403260720174	43.06240920395372
1.4071939420635986e8	9.826533710667663	42.638045976812684
1.4211993062585935e8	9.68862710456979	42.21786468356376
1.4353440614929882e8	9.552655894265214	41.801824112882294
1.4496295950825083e8	9.418592918206025	41.38988345956402
1.4640573081503886e8	9.286411396032456	40.982002320524444
1.478628615764827e8	9.15608492322295	40.578140690835156
1.4933449470777282e8	9.027587465820037	40.178258959801475
1.5082077454649153e8	8.9008933552294	39.78231790707625
1.5232184686676955e8	8.775977283092379	39.390278698813205
1.538378588935781e8	8.65281429623081	39.002102883859536
1.5536895931717864e8	8.531379791661585	38.61775238998205
1.569152983076959e8	8.411649511682816	38.23718952013572
1.5847702752985325e8	8.293599539027593	37.86037694876467
1.6005430015784633e8	8.177206292086415	37.48727771814172
1.6164727089036483e8	8.062446520196652	37.117855234743935
1.632560959657661e8	7.949297298997934	36.752073265663334
1.6488093317740008e8	7.837736025852716	36.3898959350529
1.6652194188908747e8	7.727740415331076	36.031287720607544
1.6817928305074286e8	7.619288494759473	35.67621345008164
1.6985311921416777e8	7.512358599831007	35.324638297837794
1.715436145489894e8	7.4069293702780605	34.976527781432054
1.732509348587687e8	7.302979745604972	34.63184775823057
1.7497524759725344e8	7.200488960881577	34.29056442206275
1.7671672188480738e8	7.099436542594855	33.95264429990442
1.784755285250003e8	6.99980230455902	33.6180542485943
1.8025184002135408e8	6.901566343883497	33.28676145158458
1.8204583059426212e8	6.8047090369971	32.95873341572214
1.8385767619808295e8	6.7092110357277	32.633937968060536
1.8568755453839236e8	6.6150532634375425	32.31234325270546
1.8753564508941752e8	6.522216911212264	31.99391772768949
1.894021291116321e8	6.430683434104013	31.67863016187979
1.9128718966954216e8	6.340434547426533	31.366449631913607
1.9319101164963546e8	6.25145222310288	31.05734551916624
1.951137817785229e8	6.163718686063795	30.751287506746728
1.9705568864124286e8	6.0772164106974165	30.448245576525956
1.990169226997601e8	5.991928117348238	30.148190006192028
2.0099767631165156e8	5.9078367688651054	29.851091366334305
2.0299814374897096e8	5.824925567197966	29.55692051755727
2.050185212172966e8	5.743177950042569	29.265648607623472
2.0705900687498474e8	5.662577587531588	28.97724706862231
2.0911980085259464e8	5.583108378972983	28.691687614169584
2.112011052725318e8	5.50475444963318	28.408942236631095
2.1330312426885286e8	5.427500147566671	28.128983204378393
2.1542606400730217e8	5.351330040488814	27.85178305906671
2.1757013270553023e8	5.27622891269318	27.57731461294223
2.1973554065351006e8	5.202181762012275	27.30555094617624
2.2192250023416418e8	5.129173796820638	27.036465404224572
2.2413122594419903e8	5.057190433079943	26.770031595212853
2.2636193441513824e8	4.986217291425854	26.506223387348566
2.2861484443457577e8	4.916240194295416	26.245014906357312
2.3089017696762457e8	4.847245163095266	25.98638053294627
2.331881551785982e8	4.779218415408983	25.73029490029035
2.355090044528939e8	4.712146362244064	25.476732891544742
2.3785295241910174e8	4.646015605317298	25.225669637381156
2.4022022897133002e8	4.580812934378349	24.97708051354864
2.426110662917441e8	4.516525324571126	24.730941138459414
2.450256988733509e8	4.453139933831609	24.48722737079626
2.4746436354300028e8	4.390644100322479	24.245915307144486
2.499272994845924e8	4.329025339904322	24.006981279649636
2.524147482625617e8	4.268271343641168	23.7704018536936
2.549269538455513e8	4.208369975342119	23.53615382559793
2.5746416263035676e8	4.149309269136658	23.304214220346637
2.6002662346607307e8	4.091077427084815	23.074560289334556
2.6261458767851776e8	4.033662816820034	22.847169508134705
2.652283090948848e8	3.9770539692254263	22.622019574288778
2.6786804406862393e8	3.9212395761430607	22.399088405121162
2.705340515045839e8	3.8662084881150296	22.17835413557297
2.732265928844241e8	3.8119497121558563	21.959795116056007
2.75945932292243e8	3.758452409556913	21.74338991033086
2.7869233644049394e8	3.7057058937209923	21.529117293403264
2.8146607469612956e8	3.6536996280278506	21.316956249443532
2.842674191070297e8	3.602423223729247	21.10688596972464
2.870966444286822e8	3.551866437873724	20.898885850581447
2.89954028151132e8	3.502019171260464	20.69293549138981
2.928398505261942e8	3.452871466421927	20.489014692565913
2.9575439459494567e8	3.404413505634678	20.28710345358478
2.986979462154815e8	3.3566356089582707	20.087181971018918
3.016707940909544e8	3.3095282323015485	19.889230636595816
3.0467322979789007e8	3.2630819655161285	19.69323003527483
3.077055478147821e8	3.217287530516678	19.499160943343124
3.1076804555098164e8	3.172135779427421	19.307004326529757
3.1386102337585986e8	3.1276176927548742	19.116741338139278
3.1698478464827156e8	3.0837243775860634	18.92835331720303
3.201396357463065e8	3.040447065812111	18.74182178664899
3.2332588609734356e8	2.997777112376654	18.557128451489287
3.2654384820839363e8	2.955705993548997	18.374255197026162
3.297938376967536e8	2.9142253052213616	18.19318408707508
3.3307617332096165e8	2.8733267612301003	18.013897362205576
3.363911770120602e8	2.8330021917004586	17.836377437999474
3.3973917390517116e8	2.793243541414567	17.660606903326176
3.431204923713862e8	2.7540428682023173	17.486568518634932
3.4653546404997146e8	2.715392341354863	17.314245214264073
3.4998442388089615e8	2.6772842400603434	17.143620088766777
3.5346771013768345e8	2.6397109518615753	16.97467640725334
3.569856644605868e8	2.602664971135413	16.807397599749926
3.6053863189009935e8	2.566138897593406	16.64176725957328
3.6412696090079486e8	2.5301254348035345	16.477769141721637
3.677510034355085e8	2.49461738873265	16.315387161281265
3.714111149398495e8	2.4596076663094544	16.154605391849152
3.7510765439706886e8	2.42508927400754	15.99540806397067
3.788409843632658e8	2.3910553164483863	15.837779563593031
3.826114710029495e8	2.357498995023925	15.681704430533776
3.864194841249485e8	2.3244136065384873	15.527167356964595
3.9026539721868384e8	2.2917925418697545	15.374153185909842
3.941495874908028e8	2.259629284648508	15.222646909759874
3.980724359021724e8	2.227917409956947	15.072633668799208
4.0203432720524275e8	2.196650583045258	14.924098749749135
4.0603564998178756e8	2.165822558066155	14.77702758432449
4.100767966810151e8	2.135427176827224	14.631405747804836
4.141581636580557e8	2.1054583675607907	14.487218957619824
4.1828015121284276e8	2.075910143710982	14.344453071948148
4.224431636293671e8	2.0467766027379013	14.203094088330737
4.2664760921533537e8	2.0180519249384985	14.063128142297193
4.308939003422133e8	1.989730372284051	13.924541506006085
4.351824534856702e8	1.9618062872739443	13.787320586898543
4.395136892664299e8	1.9342740918055124	13.651451926365015
4.438880324915226e8	1.9071282860597736	13.516922198425313
4.4830591219595355e8	1.880363447402768	13.383718208421511
4.5276776168477535e8	1.8539742293023784	13.25182689172402
4.572740185755949e8	1.8279553602602587	13.121235312449967
4.618251248414888e8	1.8023016427588385	12.991930662194624
4.6642152685436046e8	1.7770079522230204	12.863900258774915
4.710636754287046e8	1.752069235996586	12.737131544985996
4.757520258658389e8	1.7274805123327897	12.6116120873692
4.804870379985526e8	1.7032368693992475	12.487329574992764
4.8526917623620975e8	1.67933346429674	12.364271818244308
4.900989096102901e8	1.655765522091834	12.242426747635479
4.9497671182040495e8	1.6325283348629804	12.121782412617849
4.9990306128074676e8	1.6096172607601145	12.002326980411075
5.0487844116701704e8	1.5870277230773766	11.884048734842214
5.0990333946381485e8	1.564755209338879	11.766936075196634
5.149782490125002e8	1.5427952703972858	11.650977515080173
5.2010366755952483e8	1.5211435195450858	11.53616168129272
5.2528009780526483e8	1.4997956316382444	11.422477312712418
5.305080474533082e8	1.4787473422322897	11.309913259191564
5.3578802926026404e8	1.4579944467303911	11.198458480462696
5.411205610860455e8	1.4375327995434841	11.088102045055939
5.465061659446719e8	1.4173583132621081	10.978833129226645
5.519453720555501e8	1.3974669578399688	10.87064101589411
5.574387128952893e8	1.3778547597888693	10.763515093590303
5.629867272500361e8	1.3585178013849253	10.65744485541886
5.68589959268302e8	1.3394522198860244	10.552419898024901
5.742489585143386e8	1.3206542067601847	10.448429920574565
5.799642800220423e8	1.3021200069247554	10.345464723744643
5.857364843493823e8	1.2838459179963315	10.24351420872239
5.915661376334037e8	1.2658282895510933	10.14256837621464
5.974538116457225e8	1.2480635223957008	10.042617325467615
6.034000838486215e8	1.2305480678482663	9.943651253295572
6.094055374516916e8	1.2132784270294596	9.845660453119242
6.154707614690266e8	1.1962511501635944	9.748635314013931
6.215963507769921e8	1.1794628358895047	9.652566319766887
6.277829061725754e8	1.16291013058108	9.557444047943891
6.34031034432306e8	1.1465897276773591	9.46325916896518
6.403413483717804e8	1.1304983670219833	9.370002445190242
6.467144669057527e8	1.1146328342119847	9.277664730011974
6.531510151088368e8	1.0989899599556798	9.186236966959619
6.596516242768295e8	1.0835666194395353	9.095710188810264
6.662169319886183e8	1.0683597317039792	9.006075516709478
6.728475821687093e8	1.0533662590279638	8.917324159300556
6.795442251503925e8	1.0385832063221305	8.82944741186214
6.863075177395216e8	1.0240076205305217	8.74243665545452
6.931381232789453e8	1.0096365900406563	8.656283356074136
7.000367117135392e8	0.9954672441019669	8.570979063816937
7.070039596559415e8	0.9814967522522807	8.486515412049256
7.140405504529144e8	0.9677223237524124	8.40288411658723
7.211471742523466e8	0.9541412070287257	8.320076974884538
7.283245280709523e8	0.940750689123462	8.238085865227768
7.35573315862645e8	0.92754809515278	8.156902745939725
7.428942485875672e8	0.9145307877724502	8.076519654590864
7.502880442818373e8	0.9016961666509901	7.996928707218164
7.577554281279479e8	0.8890416679502712	7.918122097552154
7.652971325259185e8	0.8765647638133195	7.840092096250987
7.729138971651129e8	0.8642629618593802	7.762831050142516
7.806064690968012e8	0.8521338046860197	7.68633138147354
7.883756028074238e8	0.8401748693782471	7.610585587166648
7.962220602925715e8	0.8283837670245434	7.535586238084511
8.041466111317531e8	0.8167581422396051	7.46132597830092
8.121500325638803e8	0.8052956726938292	7.387797524379294
8.20233109563448e8	0.7939940686494792	7.314993664658786
8.283966349175854e8	0.7828510725032005	7.242907258546408
8.366414093037657e8	0.7718644583351083	7.1715312358171035
8.449682413683847e8	0.7610320314640735	7.1008585959198784
8.533779478060094e8	0.7503516280093988	7.030882407291737
8.618713534395332e8	0.7398211144584904	6.961595806677363
8.704492913010652e8	0.7294383872406833	6.892991998456068
8.791126027136137e8	0.7192013723070573	6.82506425397544
8.878621373735977e8	0.7091080247161307	6.757805910891429
8.966987534342253e8	0.6991563282253169	6.691210372514596
9.056233175896214e8	0.689344294888207	6.6252711071634165
9.146367051598649e8	0.679669964657423	6.559981647523414
9.237398001768024e8	0.6701314049931196	6.495335590013125
9.329334954707924e8	0.6607267104769011	6.431326594155758
9.422186927582368e8	0.6514540024312331	6.367948381957577
9.515963027300758e8	0.6423114285441045	6.305194737291788
9.610672451410406e8	0.6332971624990783	6.243059505289323
9.706324488999008e8	0.6244094036104284	6.181536591734905
9.802928521605711e8	0.6156463764634368	6.12061996246934
9.900494024141333e8	0.6070063305597311	6.0603036427976384
9.999030565817357e8	0.5984875399676327	6.000581716903208
1.0098547811084689e9	0.5900883029773667	5.941448327267497
1.0199055520581528e9	0.5818069417611301	5.882897674095504
1.0300563552090833e9	0.5736418020379188	5.824924014746846
1.0403081861506727e9	0.5655912527431055	5.767521663172791
1.0506620503811344e9	0.557653685702587	5.710684989358337
1.0611189634061182e9	0.5498275153115262	5.65440841876995
1.0716799508382522e9	0.542111178217656	5.598686431809129
1.0823460484977891e9	0.534503133008944	5.543513563270752
1.0931183025141613e9	0.5270018599057088	5.4888844018072485
1.1039977694286277e9	0.5196058604569985	5.434793589397637
1.114985516297849e9	0.5123136572412974	5.381235820822269
1.1260826207985873e9	0.5051237935713655	5.328205843142273
1.1372901713333764e9	0.49803483320327196	5.275698455184489
1.1486092671372838e9	0.49104536004948296	5.223708507031283
1.1600410183857312e9	0.4841539778959803	5.172230899515405
1.171586546303364e9	0.47735931012336474	5.121260583719942
1.1832469832740214e9	0.4706599994318619	5.070792560483116
1.1950234729518101e9	0.4640547075701831	5.020821879907919
1.2069171703733013e9	0.4575421150681823	4.971343640876522
1.218929242070734e9	0.4511209209733247	4.922352990569915
1.2310608661865127e9	0.44478984259076215	4.873845123991589
1.2433132325887206e9	0.4385476152271246	4.825815283496428
1.2556875429878395e9	0.4323929919378756	4.778258758324007
1.2681850110545812e9	0.4263247432782403	4.731170884136687
1.280806862538953e9	0.42034165705759646	4.6845470425620235
1.2935543353904793e9	0.41444253809732884	4.6383826607398015
1.3064286798796196e9	0.4086262079920809	4.592673210873528
1.319431158720352e9	0.40289150487437636	4.547414209786501
1.3325630471940835e9	0.39723728318249596	4.502601218481872
1.3458256332746997e9	0.39166241343165475	4.458229841707379
1.3592202177548683e9	0.386165781988385	4.414295727524324
1.3727481143736732e9	0.3807462908480553	4.370794566880569
1.3864106499454145e9	0.37540285741555496	4.327722093188066
1.4002091644897568e9	0.370134414289029	4.285074081904346
1.4141450113632092e9	0.36493990904663515	4.242846350118019
1.428219557391757e9	0.3598183040363528	4.201034756138836
1.4424341830050116e9	0.35476857616866664	4.159635199091195
1.4567902823715615e9	0.34978971671221076	4.118643618512048
1.4712892635357475e9	0.3448807310922526	4.078055993952556
1.4859325485557096e9	0.34004063869203555	4.037868344583912
1.5007215736428807e9	0.33526847265688464	3.99807672880685
1.5156577893028917e9	0.3305632797010546	3.9586772438649382
1.5307426604778214e9	0.32592411991730796	3.9196660254618476
1.5459776666897967e9	0.32135006658918397	3.881039247382548
1.5613643021862211e9	0.3168402060058422	3.8427931211177304
1.5769040760862458e9	0.31239363727956554	3.804923895492447
1.5925985125288634e9	0.3080094721657763	3.767427856297998
1.608449150822296e9	0.3036868348856295	3.7303013259278885
1.624457545595049e9	0.29942486195104445	3.693540663016933
1.6406252669483674e9	0.2952227019922222	3.6571422620841694
1.6569539006101923e9	0.2910795155875854	3.621102553179318
1.6734450480907714e9	0.2869944750960748	3.585418001532455
1.6901003268396523e9	0.28296676449184144	3.550085107207511
1.7069213704043593e9	0.27899557920122764	3.51510040475891
1.7239098285906327e9	0.27508012594204134	3.4804604628916374
1.7410673676241813e9	0.27121962256510407	3.446161884124824
1.7583956703141592e9	0.2674132978979969	3.4122013044584114
1.775896436218181e9	0.2636603915910192	3.3785753930432776
1.793571381809092e9	0.2599601539652848	3.345280851854402
1.8114222406431766e9	0.2563118458629971	3.312314415367669
1.829450763530279e9	0.25271473849977455	3.2796728502394004
1.8476587187055643e9	0.2491681133190614	3.2473529549891587
1.866047892002876e9	0.24567126184860386	3.21535155968588
1.884620087029855e9	0.2422234855589317	3.1836655256370237
1.90337712534492e9	0.2388240957238047	3.1522917450805803
1.9223208466359272e9	0.2354724132826332	3.1212271408802703
1.9414531089005747e9	0.23216776870483555	3.0904686662237935
1.9607757886285515e9	0.2289095018561068	3.060013304324125
1.9802907809857376e9	0.2256969618665238	3.029858068123385
2.e9	0.2225295070005419	2.9999999999999982